name: attendance_env
channels:
  - conda-forge
  - defaults
dependencies:
  - asttokens=3.0.1=pyhd8ed1ab_0
  - bzip2=1.0.8=h2bbff1b_6
  - ca-certificates=2026.2.25=h4c7d964_0
  - colorama=0.4.6=pyhd8ed1ab_1
  - comm=0.2.3=pyhe01879c_0
  - cuda-version=11.8=h70ddcb2_3
  - cudatoolkit=11.8.0=h09e9e62_13
  - cudnn=9.10.1.4=h4851267_0
  - debugpy=1.8.20=py310h699e580_0
  - decorator=5.2.1=pyhd8ed1ab_0
  - dlib=20.0.0=cuda118py310hebfc05a_0
  - exceptiongroup=1.3.1=pyhd8ed1ab_0
  - executing=2.2.1=pyhd8ed1ab_0
  - expat=2.7.4=hd7fb8db_0
  - ipykernel=7.2.0=pyh6dadd2b_1
  - ipython=8.37.0=pyha7b4d00_0
  - jedi=0.19.2=pyhd8ed1ab_1
  - jupyter_client=8.8.0=pyhcf101f3_0
  - jupyter_core=5.9.1=pyh6dadd2b_0
  - krb5=1.22.2=h0ea6238_0
  - libblas=3.11.0=5_hf2e6a31_mkl
  - libcblas=3.11.0=5_h2a3cdd5_mkl
  - libcudnn=9.10.1.4=h49adc43_0
  - libcudnn-dev=9.10.1.4=h49adc43_0
  - libexpat=2.7.4=hd7fb8db_0
  - libffi=3.4.4=hd77b12b_1
  - libhwloc=2.12.1=default_h88281d1_1000
  - libiconv=1.18=hc1393d2_2
  - libjpeg-turbo=3.1.2=hfd05255_0
  - liblapack=3.11.0=5_hf9ab0e9_mkl
  - libpng=1.6.55=h7351971_0
  - libsodium=1.0.21=h6a83c73_3
  - libwinpthread=12.0.0.r4.gg4f2fc60ca=h57928b3_10
  - libxml2=2.13.9=h741aa76_0
  - libzlib=1.3.1=h02ab6af_0
  - llvm-openmp=22.1.0=h4fa8253_0
  - matplotlib-inline=0.2.1=pyhd8ed1ab_0
  - mkl=2025.3.0=hac47afa_455
  - nest-asyncio=1.6.0=pyhd8ed1ab_1
  - numpy=2.2.6=py310h4987827_0
  - openssl=3.6.1=hf411b9b_1
  - packaging=25.0=py310haa95532_1
  - parso=0.8.6=pyhcf101f3_0
  - pickleshare=0.7.5=pyhd8ed1ab_1004
  - pip=26.0.1=pyhc872135_0
  - platformdirs=4.9.2=pyhcf101f3_0
  - prompt-toolkit=3.0.52=pyha770c72_0
  - psutil=7.2.2=py310h1637853_0
  - pure_eval=0.2.3=pyhd8ed1ab_1
  - pygments=2.19.2=pyhd8ed1ab_0
  - python=3.10.19=h981015d_0
  - python-dateutil=2.9.0.post0=pyhe01879c_2
  - python_abi=3.10=2_cp310
  - pywin32=311=py310h282bd7d_1
  - pyzmq=27.1.0=py310h78cba24_2
  - setuptools=80.10.2=py310haa95532_0
  - six=1.17.0=pyhe01879c_1
  - sqlite=3.51.1=hda9a48d_0
  - stack_data=0.6.3=pyhd8ed1ab_1
  - tbb=2022.3.0=hd094cb3_1
  - tk=8.6.15=hf199647_0
  - tornado=6.5.4=py310h29418f3_0
  - traitlets=5.14.3=pyhd8ed1ab_1
  - typing_extensions=4.15.0=pyhcf101f3_0
  - ucrt=10.0.22621.0=haa95532_0
  - vc=14.3=h2df5915_10
  - vc14_runtime=14.44.35208=h4927774_10
  - vs2015_runtime=14.44.35208=ha6b5a95_10
  - wcwidth=0.6.0=pyhd8ed1ab_0
  - wheel=0.46.3=py310haa95532_0
  - xz=5.6.4=h4754444_1
  - zeromq=4.3.5=h507cc87_10
  - zlib=1.3.1=h02ab6af_0
  - pip:
      - altair==6.0.0
      - attrs==25.4.0
      - blinker==1.9.0
      - cachetools==7.0.2
      - certifi==2026.2.25
      - charset-normalizer==3.4.4
      - click==8.3.1
      - et-xmlfile==2.0.0
      - face-recognition==1.3.0
      - face-recognition-models==0.3.0
      - filelock==3.25.1
      - fsspec==2026.2.0
      - gitdb==4.0.12
      - gitpython==3.1.46
      - idna==3.11
      - jinja2==3.1.6
      - jsonschema==4.26.0
      - jsonschema-specifications==2025.9.1
      - markupsafe==3.0.3
      - mpmath==1.3.0
      - narwhals==2.17.0
      - networkx==3.4.2
      - opencv-python==4.13.0.92
      - openpyxl==3.1.5
      - pandas==2.3.3
      - pillow==12.1.1
      - protobuf==6.33.5
      - pyarrow==23.0.1
      - pydeck==0.9.1
      - pytz==2026.1.post1
      - referencing==0.37.0
      - requests==2.32.5
      - rpds-py==0.30.0
      - smmap==5.0.2
      - streamlit==1.55.0
      - sympy==1.14.0
      - tenacity==9.1.4
      - toml==0.10.2
      - torch==2.10.0
      - torchaudio==2.10.0
      - torchvision==0.25.0
      - tzdata==2025.3
      - urllib3==2.6.3
      - watchdog==6.0.0
prefix: D:\anaconda\envs\attendance_env
